35
21
19
28
17
8
36
19
7
46
23
81
76
76
6
14
42
30
37
54
44
53
63
4
17
18
30
48
5
32
40
35
22
13
61
26
10
24
42
44
16
24
76
86
90
65
63
19
6
62
31
31
50
56
41
56
6
13
41
33
0
15
32
25
6
55
26
6
89
20
15
24
61
59
65
64
11
34
16
24
52
20
31
31
74
76
27
32
5
16
42
25
66
74
46
16
22
74
28
94
87
56
81
31
24
46
37
66
66
33
53
44
63
69
13
22
2
42
58
46
38
56
68
60
72
20
67
25
24
31
88
91
24
43
33
40
68
40
38
50
58
69
25
63
42
69
5
35
55
7
9
71
25
42
29
104
85
33
76
91
73
38
54
53
82
68
25
15
48
59
46
30
9
17
1
48
40
67
30
30
44
61
33
31
30
19
68
113
30
62
44
31
49
74
43
39
25
55
70
9
57
68
10
11
12
89
49
41
52
72
48
32
101
24
55
3
15
24
54
61
58
50
71
54
47
46
23
21
18
70
27
56
9
85
48
45
72
71
52
42
36
8
49
67
29
21
63
78
78
53
72
35
24
23
44
54
32
20
61
20
8
23
51
52
58
63
60
29
10
63
48
55
11
4
39
53
69
47
77
29
49
31
41
55
12
63
55
7
9
81
61
60
51
40
46
80
47
25
40
45
26
33
54
71
73
52
74
41
14
62
45
45
31
15
74
52
48
86
42
56
49
81
8
31
42
37
3
54
20
21
61
47
67
47
44
19
6
40
67
9
8
53
28
26
39
30
47
89
26
79
61
25
40
48
63
5
16
36
55
50
66
32
20
16
53
50
16
38
17
32
43
18
29
62
42
69
75
51
48
63
46
63
56
66
21
62
102
11
34
75
79
45
56
40
61
8
50
4
27
22
13
20
75
61
55
63
57
57
16
10
32
8
10
65
103
73
75
44
75
46
56
38
47
1
58
15
28
3
61
0
76
45
50
31
47
44
23
11
61
36
20
43
51
42
55
98
82
45
2
59
53
11
12
9
7
2
38
10
41
45
76
63
32
19
40
30
59
24
15
23
40
66
36
64
69
38
17
10
59
23
19
22
14
47
53
11
75
75
46
58
14
6
28
15
37
33
50
45
52
88
60
4
85
70
25
37
39
38
26
13
21
15
2
17
9
66
27
9
29
57
23
32
47
60
21
18
25
80
49
10
20
83
86
17
28
41
29
22
18
60
50
64
20
72
62
7
49
5
30
17
48
19
49
15
6
82
80
0
63
81
25
50
50
59
14
14
24
78
61
51
17
33
26
21
35
16
23
28
33
41
79
64
50
25
26
7
29
42
34
22
22
58
10
16
5
35
17
17
77
9
9
10
49
31
41
45
26
63
31
75
7
23
43
61
9
32
46
47
37
42
77
61
64
49
43
68
2
6
6
61
16
4
22
75
70
49
54
72
38
64
49
21
39
78
19
19
16
24
54
48
74
30
9
39
18
9
28
21
25
36
31
41
30
50
51
53
61
22
40
21
32
49
44
30
64
41
12
59
66
100
79
48
22
44
13
1
37
9
20
22
16
4
63
44
65
8
28
31
38
64
33
14
54
60
19
5
18
38
78
37
32
63
47
2
17
62
19
25
9
17
78
58
2
28
13
36
16
25
52
44
13
17
21
63
1
63
65
52
39
37
28
54
16
9
32
36
18
9
25
5
16
31
11
35
49
48
45
41
48
43
21
24
7
65
35
18
19
11
59
60
27
20
7
38
21
63
15
43
28
15
1
34
28
55

// out residue2 matrix 
//[35, 21, 19, 28, 17, 8, 36, 19, 7, 46, 23, 81, 76, 76, 6, 14, 42, 30, 37, 54, 44, 53, 63, 4, 17, 18, 30, 48]
//[5, 32, 40, 35, 22, 13, 61, 26, 10, 24, 42, 44, 16, 24, 76, 86, 90, 65, 63, 19, 6, 62, 31, 31, 50, 56, 41, 56]
//[6, 13, 41, 33, 0, 15, 32, 25, 6, 55, 26, 6, 89, 20, 15, 24, 61, 59, 65, 64, 11, 34, 16, 24, 52, 20, 31, 31]
//[74, 76, 27, 32, 5, 16, 42, 25, 66, 74, 46, 16, 22, 74, 28, 94, 87, 56, 81, 31, 24, 46, 37, 66, 66, 33, 53, 44]
//[63, 69, 13, 22, 2, 42, 58, 46, 38, 56, 68, 60, 72, 20, 67, 25, 24, 31, 88, 91, 24, 43, 33, 40, 68, 40, 38, 50]
//[58, 69, 25, 63, 42, 69, 5, 35, 55, 7, 9, 71, 25, 42, 29, 104, 85, 33, 76, 91, 73, 38, 54, 53, 82, 68, 25, 15]
//[48, 59, 46, 30, 9, 17, 1, 48, 40, 67, 30, 30, 44, 61, 33, 31, 30, 19, 68, 113, 30, 62, 44, 31, 49, 74, 43, 39]
//[25, 55, 70, 9, 57, 68, 10, 11, 12, 89, 49, 41, 52, 72, 48, 32, 101, 24, 55, 3, 15, 24, 54, 61, 58, 50, 71, 54]
//[47, 46, 23, 21, 18, 70, 27, 56, 9, 85, 48, 45, 72, 71, 52, 42, 36, 8, 49, 67, 29, 21, 63, 78, 78, 53, 72, 35]
//[24, 23, 44, 54, 32, 20, 61, 20, 8, 23, 51, 52, 58, 63, 60, 29, 10, 63, 48, 55, 11, 4, 39, 53, 69, 47, 77, 29]
//[49, 31, 41, 55, 12, 63, 55, 7, 9, 81, 61, 60, 51, 40, 46, 80, 47, 25, 40, 45, 26, 33, 54, 71, 73, 52, 74, 41]
//[14, 62, 45, 45, 31, 15, 74, 52, 48, 86, 42, 56, 49, 81, 8, 31, 42, 37, 3, 54, 20, 21, 61, 47, 67, 47, 44, 19]
//[6, 40, 67, 9, 8, 53, 28, 26, 39, 30, 47, 89, 26, 79, 61, 25, 40, 48, 63, 5, 16, 36, 55, 50, 66, 32, 20, 16]
//[53, 50, 16, 38, 17, 32, 43, 18, 29, 62, 42, 69, 75, 51, 48, 63, 46, 63, 56, 66, 21, 62, 102, 11, 34, 75, 79, 45]
//[56, 40, 61, 8, 50, 4, 27, 22, 13, 20, 75, 61, 55, 63, 57, 57, 16, 10, 32, 8, 10, 65, 103, 73, 75, 44, 75, 46]
//[56, 38, 47, 1, 58, 15, 28, 3, 61, 0, 76, 45, 50, 31, 47, 44, 23, 11, 61, 36, 20, 43, 51, 42, 55, 98, 82, 45]
//[2, 59, 53, 11, 12, 9, 7, 2, 38, 10, 41, 45, 76, 63, 32, 19, 40, 30, 59, 24, 15, 23, 40, 66, 36, 64, 69, 38]
//[17, 10, 59, 23, 19, 22, 14, 47, 53, 11, 75, 75, 46, 58, 14, 6, 28, 15, 37, 33, 50, 45, 52, 88, 60, 4, 85, 70]
//[25, 37, 39, 38, 26, 13, 21, 15, 2, 17, 9, 66, 27, 9, 29, 57, 23, 32, 47, 60, 21, 18, 25, 80, 49, 10, 20, 83]
//[86, 17, 28, 41, 29, 22, 18, 60, 50, 64, 20, 72, 62, 7, 49, 5, 30, 17, 48, 19, 49, 15, 6, 82, 80, 0, 63, 81]
//[25, 50, 50, 59, 14, 14, 24, 78, 61, 51, 17, 33, 26, 21, 35, 16, 23, 28, 33, 41, 79, 64, 50, 25, 26, 7, 29, 42]
//[34, 22, 22, 58, 10, 16, 5, 35, 17, 17, 77, 9, 9, 10, 49, 31, 41, 45, 26, 63, 31, 75, 7, 23, 43, 61, 9, 32]
//[46, 47, 37, 42, 77, 61, 64, 49, 43, 68, 2, 6, 6, 61, 16, 4, 22, 75, 70, 49, 54, 72, 38, 64, 49, 21, 39, 78]
//[19, 19, 16, 24, 54, 48, 74, 30, 9, 39, 18, 9, 28, 21, 25, 36, 31, 41, 30, 50, 51, 53, 61, 22, 40, 21, 32, 49]
//[44, 30, 64, 41, 12, 59, 66, 100, 79, 48, 22, 44, 13, 1, 37, 9, 20, 22, 16, 4, 63, 44, 65, 8, 28, 31, 38, 64]
//[33, 14, 54, 60, 19, 5, 18, 38, 78, 37, 32, 63, 47, 2, 17, 62, 19, 25, 9, 17, 78, 58, 2, 28, 13, 36, 16, 25]
//[52, 44, 13, 17, 21, 63, 1, 63, 65, 52, 39, 37, 28, 54, 16, 9, 32, 36, 18, 9, 25, 5, 16, 31, 11, 35, 49, 48]
//[45, 41, 48, 43, 21, 24, 7, 65, 35, 18, 19, 11, 59, 60, 27, 20, 7, 38, 21, 63, 15, 43, 28, 15, 1, 34, 28, 55]
