32
14
25
28
28
17
27
11
4
17
9
63
59
57
0
4
51
41
50
49
29
40
62
9
17
19
25
32
5
23
29
22
17
13
53
16
8
15
15
19
16
1
54
53
61
51
50
3
10
5
26
30
33
17
25
30
15
0
40
41
16
22
35
27
9
55
10
4
63
8
10
0
59
50
58
53
1
9
12
27
40
9
14
22
59
53
24
34
8
3
18
9
61
59
8
1
5
53
1
55
49
35
56
8
7
13
28
48
51
20
27
20
58
53
9
21
11
57
13
57
56
56
49
38
55
0
55
7
14
12
58
56
1
9
2
8
30
8
16
26
5
47
0
4
54
56
11
42
56
8
1
57
0
14
8
56
46
1
53
59
55
22
26
32
50
26
7
15
63
47
25
20
6
3
7
56
44
43
11
4
2
14
21
13
4
5
45
62
6
28
19
10
20
34
9
25
16
44
58
1
63
45
7
11
4
51
12
8
15
27
13
9
56
3
54
1
2
14
25
35
39
41
37
38
55
48
3
25
26
63
9
63
9
44
11
2
21
12
7
27
11
6
51
54
16
15
27
39
35
23
34
23
20
2
13
35
23
6
28
20
12
3
8
18
19
20
19
3
0
7
55
4
18
15
16
38
44
37
60
42
2
43
17
40
28
60
22
2
5
51
5
16
8
3
15
58
47
52
58
53
12
30
37
39
44
42
31
15
8
13
9
19
21
1
29
26
38
63
4
13
4
52
8
11
51
58
30
13
9
15
36
19
31
36
28
13
5
52
59
4
3
3
3
2
13
0
16
61
1
48
55
20
54
49
2
9
6
3
25
37
33
16
24
8
57
55
7
21
6
22
24
19
16
28
8
50
56
41
50
4
63
54
59
58
11
13
58
8
11
50
53
47
55
50
62
10
57
0
11
28
2
0
61
54
53
63
53
0
29
9
7
10
14
22
63
62
54
8
52
56
3
56
56
8
8
16
15
15
9
9
53
48
48
50
42
49
22
9
16
12
4
5
3
38
50
59
49
58
3
55
53
12
26
24
23
12
29
10
38
56
61
2
22
16
34
34
41
15
11
17
5
47
51
51
48
45
14
25
5
35
24
32
28
11
0
6
50
58
25
8
8
18
25
28
28
14
26
25
24
57
51
0
56
42
13
34
19
11
14
14
18
24
9
15
5
57
17
24
29
12
15
30
26
61
0
9
13
60
42
17
4
46
59
24
40
26
35
43
33
15
2
58
2
55
7
20
40
16
19
7
22
5
6
8
9
57
55
3
58
42
3
34
46
38
19
19
7
52
50
54
14
21
35
23
30
15
20
8
15
40
59
56
0
7
1
0
21
8
21
18
28
34
2
22
18
26
4
2
56
5
22
26
49
28
13
12
15
61
4
57
23
22
18
6
1
11
26
24
32
24
63
56
51
52
32
61
4
21
22
24
22
25
6
46
53
50
33
50
56
59
20
25
29
46
34
24
22
24
2
47
63
17
1
26
20
14
21
25
16
41
19
18
13
48
40
41
54
14
27
20
44
49
50
26
61
20
6
50
40
63
56
20
15
16
21
15
21
20
1
25
13
5
52
51
61
10
13
20
42
42
27
10
55
51
5
3
12
17
57
19
8
9
63
5
8
8
6
24
15
16
60
57
10
29
10
23
22
19
25
12
10
12
17
2
4
57
53
56
48
60
47
2
15
8
13
21
9
13
18
10
8
31
11
21
43
26
52
45
61
0
14
4
7
63
10
10
14
2
50
60
7
11
13
17
6
3
19
63
19
28
20
19
10
57

// out residue1 matrix 
//[32, 14, 25, 28, 28, 17, 27, 11, 4, 17, 9, 63, 59, 57, 0, 4, 51, 41, 50, 49, 29, 40, 62, 9, 17, 19, 25, 32]
//[5, 23, 29, 22, 17, 13, 53, 16, 8, 15, 15, 19, 16, 1, 54, 53, 61, 51, 50, 3, 10, 5, 26, 30, 33, 17, 25, 30]
//[15, 0, 40, 41, 16, 22, 35, 27, 9, 55, 10, 4, 63, 8, 10, 0, 59, 50, 58, 53, 1, 9, 12, 27, 40, 9, 14, 22]
//[59, 53, 24, 34, 8, 3, 18, 9, 61, 59, 8, 1, 5, 53, 1, 55, 49, 35, 56, 8, 7, 13, 28, 48, 51, 20, 27, 20]
//[58, 53, 9, 21, 11, 57, 13, 57, 56, 56, 49, 38, 55, 0, 55, 7, 14, 12, 58, 56, 1, 9, 2, 8, 30, 8, 16, 26]
//[5, 47, 0, 4, 54, 56, 11, 42, 56, 8, 1, 57, 0, 14, 8, 56, 46, 1, 53, 59, 55, 22, 26, 32, 50, 26, 7, 15]
//[63, 47, 25, 20, 6, 3, 7, 56, 44, 43, 11, 4, 2, 14, 21, 13, 4, 5, 45, 62, 6, 28, 19, 10, 20, 34, 9, 25]
//[16, 44, 58, 1, 63, 45, 7, 11, 4, 51, 12, 8, 15, 27, 13, 9, 56, 3, 54, 1, 2, 14, 25, 35, 39, 41, 37, 38]
//[55, 48, 3, 25, 26, 63, 9, 63, 9, 44, 11, 2, 21, 12, 7, 27, 11, 6, 51, 54, 16, 15, 27, 39, 35, 23, 34, 23]
//[20, 2, 13, 35, 23, 6, 28, 20, 12, 3, 8, 18, 19, 20, 19, 3, 0, 7, 55, 4, 18, 15, 16, 38, 44, 37, 60, 42]
//[2, 43, 17, 40, 28, 60, 22, 2, 5, 51, 5, 16, 8, 3, 15, 58, 47, 52, 58, 53, 12, 30, 37, 39, 44, 42, 31, 15]
//[8, 13, 9, 19, 21, 1, 29, 26, 38, 63, 4, 13, 4, 52, 8, 11, 51, 58, 30, 13, 9, 15, 36, 19, 31, 36, 28, 13]
//[5, 52, 59, 4, 3, 3, 3, 2, 13, 0, 16, 61, 1, 48, 55, 20, 54, 49, 2, 9, 6, 3, 25, 37, 33, 16, 24, 8]
//[57, 55, 7, 21, 6, 22, 24, 19, 16, 28, 8, 50, 56, 41, 50, 4, 63, 54, 59, 58, 11, 13, 58, 8, 11, 50, 53, 47]
//[55, 50, 62, 10, 57, 0, 11, 28, 2, 0, 61, 54, 53, 63, 53, 0, 29, 9, 7, 10, 14, 22, 63, 62, 54, 8, 52, 56]
//[3, 56, 56, 8, 8, 16, 15, 15, 9, 9, 53, 48, 48, 50, 42, 49, 22, 9, 16, 12, 4, 5, 3, 38, 50, 59, 49, 58]
//[3, 55, 53, 12, 26, 24, 23, 12, 29, 10, 38, 56, 61, 2, 22, 16, 34, 34, 41, 15, 11, 17, 5, 47, 51, 51, 48, 45]
//[14, 25, 5, 35, 24, 32, 28, 11, 0, 6, 50, 58, 25, 8, 8, 18, 25, 28, 28, 14, 26, 25, 24, 57, 51, 0, 56, 42]
//[13, 34, 19, 11, 14, 14, 18, 24, 9, 15, 5, 57, 17, 24, 29, 12, 15, 30, 26, 61, 0, 9, 13, 60, 42, 17, 4, 46]
//[59, 24, 40, 26, 35, 43, 33, 15, 2, 58, 2, 55, 7, 20, 40, 16, 19, 7, 22, 5, 6, 8, 9, 57, 55, 3, 58, 42]
//[3, 34, 46, 38, 19, 19, 7, 52, 50, 54, 14, 21, 35, 23, 30, 15, 20, 8, 15, 40, 59, 56, 0, 7, 1, 0, 21, 8]
//[21, 18, 28, 34, 2, 22, 18, 26, 4, 2, 56, 5, 22, 26, 49, 28, 13, 12, 15, 61, 4, 57, 23, 22, 18, 6, 1, 11]
//[26, 24, 32, 24, 63, 56, 51, 52, 32, 61, 4, 21, 22, 24, 22, 25, 6, 46, 53, 50, 33, 50, 56, 59, 20, 25, 29, 46]
//[34, 24, 22, 24, 2, 47, 63, 17, 1, 26, 20, 14, 21, 25, 16, 41, 19, 18, 13, 48, 40, 41, 54, 14, 27, 20, 44, 49]
//[50, 26, 61, 20, 6, 50, 40, 63, 56, 20, 15, 16, 21, 15, 21, 20, 1, 25, 13, 5, 52, 51, 61, 10, 13, 20, 42, 42]
//[27, 10, 55, 51, 5, 3, 12, 17, 57, 19, 8, 9, 63, 5, 8, 8, 6, 24, 15, 16, 60, 57, 10, 29, 10, 23, 22, 19]
//[25, 12, 10, 12, 17, 2, 4, 57, 53, 56, 48, 60, 47, 2, 15, 8, 13, 21, 9, 13, 18, 10, 8, 31, 11, 21, 43, 26]
//[52, 45, 61, 0, 14, 4, 7, 63, 10, 10, 14, 2, 50, 60, 7, 11, 13, 17, 6, 3, 19, 63, 19, 28, 20, 19, 10, 57]
